0 0.094794 0.352776 0.055944 0.061947
0 0.692308 0.342719 0.11655 0.056315
0 0.682207 0.236927 0.055944 0.061947
0 0.771562 0.23934 0.055944 0.061947
0 0.778555 0.349558 0.055944 0.061947
0 0.602953 0.364039 0.055944 0.061947
0 0.211344 0.34111 0.059052 0.072405
0 0.335664 0.292438 0.055944 0.061947
0 0.156177 0.285197 0.055944 0.061947
0 0.202797 0.164521 0.055944 0.061947
0 0.285936 0.162108 0.055944 0.061947
0 0.491064 0.852373 0.055944 0.061947
1 0.340326 0.475865 0.149184 0.052293
1 0.150738 0.108608 0.080808 0.038616
1 0.449495 0.19469 0.041181 0.123894
1 0.691142 0.471842 0.097125 0.045857
1 0.934343 0.29284 0.041181 0.123894
1 0.556721 0.296862 0.041181 0.123894