0 0.133249 0.159253 0.045685 0.065836
0 0.301396 0.282028 0.057107 0.069395
0 0.099619 0.330071 0.044416 0.044484
0 0.145305 0.328292 0.041878 0.05516
0 0.151015 0.419929 0.053299 0.05694
0 0.141497 0.493772 0.059645 0.08363
0 0.266497 0.52847 0.053299 0.067616
0 0.307107 0.782918 0.060914 0.085409
0 0.363579 0.720641 0.05203 0.071174
0 0.458122 0.711744 0.048223 0.067616
0 0.626269 0.709075 0.057107 0.072954
0 0.791244 0.516014 0.054569 0.085409
0 0.790609 0.370996 0.053299 0.072954
0 0.490482 0.380783 0.044416 0.085409
0 0.271574 0.8879 0.06599 0.11032
1 0.14467 0.095196 0.038071 0.033808
1 0.05203 0.162811 0.022843 0.069395
1 0.05203 0.234875 0.030457 0.085409
1 0.054569 0.370107 0.038071 0.113879
1 0.052665 0.516904 0.03934 0.104982
1 0.157995 0.83452 0.115482 0.067616
0 0.047589 0.684164 0.05203 0.076512
1 0.370558 0.903025 0.053299 0.044484
1 0.496827 0.903915 0.10533 0.053381
1 0.666244 0.896797 0.109137 0.053381
1 0.835025 0.898577 0.139594 0.039146
1 0.929569 0.648577 0.024112 0.122776
1 0.852792 0.393238 0.07868 0.049822
1 0.592005 0.396797 0.168782 0.053381
1 0.401015 0.307829 0.137056 0.053381
1 0.459391 0.351423 0.043147 0.133452
1 0.319797 0.145907 0.06599 0.156584