0 0.238095 0.240347 0.079365 0.07529
0 0.748016 0.289575 0.09127 0.07722
0 0.696429 0.371622 0.079365 0.07529
0 0.690476 0.444981 0.063492 0.059846
0 0.55754 0.450772 0.079365 0.07529
0 0.566468 0.23166 0.081349 0.073359
0 0.6875 0.501931 0.065476 0.061776
0 0.544643 0.55888 0.081349 0.086873
0 0.683532 0.947876 0.073413 0.07722
0 0.77877 0.949807 0.081349 0.084942
0 0.688492 0.80888 0.071429 0.073359
0 0.94246 0.588803 0.079365 0.069498
0 0.8125 0.403475 0.069444 0.073359
0 0.613095 0.407336 0.063492 0.057915
1 0.058532 0.170849 0.061508 0.129344
1 0.275794 0.524131 0.361111 0.067568
1 0.4375 0.047297 0.136905 0.052124
1 0.606151 0.053089 0.128968 0.055985
1 0.785714 0.054054 0.134921 0.065637
1 0.920635 0.353282 0.047619 0.073359
1 0.926587 0.467181 0.063492 0.081081
1 0.593254 0.698842 0.059524 0.212355