0 0.186567 0.485887 0.044776 0.080645
0 0.134861 0.669355 0.045842 0.068548
0 0.292644 0.407258 0.041578 0.076613
0 0.28145 0.243952 0.057569 0.080645
0 0.319829 0.295363 0.034115 0.070565
0 0.439232 0.341734 0.049041 0.074597
0 0.556503 0.66129 0.036247 0.080645
0 0.594883 0.724798 0.044776 0.082661
0 0.649254 0.780242 0.055437 0.112903
0 0.656183 0.584677 0.047974 0.08871
0 0.712687 0.584677 0.052239 0.084677
0 0.865139 0.789315 0.114072 0.131048
1 0.155117 0.298387 0.105544 0.060484
1 0.174307 0.871976 0.097015 0.066532
1 0.319829 0.873992 0.093817 0.070565
1 0.430704 0.870968 0.055437 0.060484
1 0.269723 0.294355 0.063966 0.068548
1 0.548507 0.195565 0.103412 0.076613
1 0.596482 0.866935 0.060768 0.064516
1 0.930171 0.392137 0.02452 0.074597