0 0.186728 0.230152 0.032284 0.071365
0 0.086289 0.728814 0.032284 0.071365
0 0.099841 0.638715 0.032284 0.071365
0 0.150458 0.417484 0.032284 0.071365
0 0.40554 0.421053 0.032284 0.071365
0 0.378836 0.417484 0.032284 0.071365
0 0.153248 0.488849 0.032284 0.098127
0 0.183539 0.6405 0.032284 0.071365
0 0.472499 0.552186 0.032284 0.071365
0 0.498804 0.478145 0.032284 0.071365
0 0.395974 0.21231 0.032284 0.071365
0 0.410721 0.563782 0.032284 0.071365
0 0.41112 0.507136 0.033081 0.050847
0 0.389199 0.570919 0.032284 0.071365
0 0.370466 0.735058 0.032284 0.071365
0 0.366481 0.67529 0.032284 0.071365
0 0.368473 0.841213 0.032284 0.071365
0 0.371861 0.792596 0.028697 0.057984
1 0.065763 0.633363 0.017537 0.085638
1 0.154444 0.708742 0.045038 0.029438
1 0.253687 0.709188 0.045835 0.039251
1 0.32782 0.76628 0.015544 0.078501
1 0.34436 0.816236 0.019131 0.03033
1 0.389398 0.82248 0.023117 0.032114
1 0.406736 0.735504 0.012356 0.054416
1 0.445795 0.711418 0.049821 0.036574
1 0.447788 0.205174 0.044241 0.032114
1 0.34735 0.251561 0.048226 0.039251
1 0.248705 0.206066 0.06377 0.028546
1 0.210044 0.231936 0.031088 0.055308
1 0.292945 0.224353 0.024711 0.077609
1 0.148266 0.250223 0.046234 0.043711
1 0.110403 0.483497 0.019928 0.069581
1 0.110403 0.550401 0.019928 0.06066
0 0.93623 0.41793 0.032682 0.075825
1 0.929055 0.488849 0.023914 0.083854