0 0.095571 0.396621 0.060606 0.067578
0 0.205905 0.170555 0.060606 0.067578
0 0.291375 0.166533 0.060606 0.067578
0 0.491841 0.849558 0.060606 0.067578
0 0.781663 0.349155 0.060606 0.067578
0 0.607615 0.359614 0.060606 0.067578
0 0.337218 0.296058 0.060606 0.067578
0 0.215229 0.337088 0.060606 0.067578
0 0.335664 0.294449 0.060606 0.067578
0 0.1554 0.289622 0.060606 0.067578
1 0.149573 0.109815 0.094017 0.032985
1 0.148019 0.108206 0.094017 0.032985
1 0.342657 0.47144 0.156954 0.037007
1 0.452214 0.193484 0.043512 0.127916
1 0.940559 0.291633 0.045843 0.113435
1 0.683372 0.477072 0.078477 0.028962
1 0.556721 0.293242 0.045843 0.113435