0 0.191152 0.640884 0.062883 0.086819
0 0.242905 0.392265 0.062883 0.086819
0 0.253478 0.610892 0.062883 0.086819
0 0.242348 0.251776 0.062883 0.086819
0 0.300223 0.400947 0.062883 0.086819
0 0.469672 0.63457 0.062326 0.078927
0 0.466333 0.137332 0.051196 0.077348
0 0.499444 0.126677 0.070673 0.095501
0 0.465498 0.136938 0.070673 0.095501
0 0.830829 0.945541 0.07123 0.108919
0 0.841402 0.784136 0.065665 0.093923
0 0.831107 0.777427 0.084029 0.104183
0 0.784919 0.387924 0.059544 0.089187
0 0.617418 0.028414 0.063996 0.055249
0 0.617418 0.116417 0.059544 0.089187
0 0.678631 0.090371 0.059544 0.089187
0 0.911797 0.054065 0.068447 0.092344
0 0.970785 0.238358 0.058431 0.093133
1 0.587924 0.732044 0.03951 0.223362
1 0.59015 0.50513 0.03951 0.17206
1 0.587924 0.303078 0.03951 0.17206
1 0.927379 0.897001 0.048414 0.041831