0 0.058196 0.403392 0.058196 0.09292
0 0.306984 0.779499 0.066925 0.09882
0 0.292919 0.39823 0.054316 0.094395
0 0.416586 0.481563 0.066925 0.09882
0 0.394277 0.64233 0.066925 0.09882
0 0.393307 0.775074 0.066925 0.09882
0 0.338991 0.404867 0.053346 0.072271
0 0.427255 0.195428 0.055286 0.081121
0 0.64743 0.639381 0.066925 0.09882
0 0.582444 0.636431 0.066925 0.09882
0 0.853055 0.639381 0.066925 0.09882
0 0.866634 0.524336 0.055286 0.078171
0 0.848206 0.419617 0.066925 0.09882
0 0.727934 0.803097 0.053346 0.084071
0 0.810378 0.747788 0.059166 0.088496
1 0.129001 0.516224 0.118332 0.053097
1 0.229389 0.301622 0.028128 0.113569
1 0.229389 0.420354 0.037827 0.126844
1 0.393792 0.738938 0.075655 0.029499
1 0.49418 0.229351 0.097963 0.054572
1 0.532493 0.181416 0.040737 0.112094
1 0.63773 0.133481 0.212415 0.051622
1 0.877304 0.130531 0.117362 0.051622
1 0.975752 0.5059 0.023278 0.082596
1 0.881668 0.876844 0.096993 0.039823
1 0.775461 0.872419 0.074685 0.042773
1 0.673133 0.878319 0.106693 0.042773
1 0.512609 0.876844 0.115422 0.060472