0 0.18613 0.228814 0.028697 0.066905
0 0.381028 0.416146 0.028697 0.066905
0 0.185333 0.631133 0.028697 0.066905
0 0.098047 0.638269 0.028697 0.066905
0 0.153846 0.487957 0.027102 0.103479
0 0.150658 0.414362 0.028697 0.066905
0 0.387405 0.559768 0.028697 0.066905
0 0.4723 0.546387 0.028697 0.066905
0 0.501993 0.471008 0.035472 0.062444
0 0.404942 0.416146 0.028697 0.066905
0 0.370666 0.730152 0.028697 0.066905
0 0.367079 0.669492 0.028697 0.066905
0 0.412116 0.550847 0.028697 0.066905
0 0.087684 0.735504 0.028697 0.066905
1 0.110004 0.483943 0.02232 0.074041
1 0.109207 0.552186 0.01674 0.071365
1 0.067557 0.633363 0.020327 0.087422
1 0.156437 0.706958 0.053009 0.033006
1 0.253687 0.708742 0.050618 0.036574
1 0.445596 0.706512 0.050219 0.033898
1 0.449382 0.20339 0.050618 0.033898
0 0.39717 0.214987 0.037864 0.073149
1 0.349741 0.253345 0.055401 0.058876
1 0.248107 0.219447 0.103228 0.076717
1 0.149462 0.250223 0.043842 0.045495
0 0.93603 0.423729 0.033081 0.08207
0 0.846154 0.492864 0.033479 0.075825
0 0.797927 0.449153 0.027102 0.049063
1 0.927262 0.487957 0.026704 0.085638
1 0.547031 0.46744 0.017935 0.103479